individuals_from_events = [
 4125423,
 4125640,
 4125985,
 8538159,
 8538161,
 10722504,
 10819975,
 10819972,
 10836630,
 10836626,
 10911546,
 234544890,
 28715112,
 28714952,
 234544577,
 234544720,
 234544478,
 55626725,
 55754621,
 234543899,
 234544351,
 146932155,
 179958646,
 195375963,
 179960228,
 179960229,
 530432447,
 526969998,
 526972935,
 527241063,
 527665453,
 530438609,
 542106841,
 542803025,
 527243992,
 542788498,
 542788851,
 509948058,
 509948489,
 542102791,
 509948864,
 530445355,
 631046603,
 631046596,
 530454895,
 631046605,
 509945725,
 542104928,
 631046599,
 631046593,
 631046597,
 664511387,
 665575761,
 666398166,
 657665445,
 657665450,
 530454749,
 918950432,
 918956809,
 963155796,
 963157875,
 963160836,
 921524646,
 921523094,
 918961877,
 918962990,
 918964288,
 919024466,
 919028694,
 918975026,
 919018254,
 928019824,
 919033047,
 919036381,
 921525462,
 928025127,
 918999578,
 942236216,
 942190207,
 918987402,
 918997112,
 918995456,
 657665424,
 955325494,
 942225533,
 959785201,
 959790025,
 959787093,
 959797348,
 959736994,
 954263119,
 954262000,
 942327196,
 954266247,
 919003575,
 954269361,
 918990138,
 657665444,
 918984471
]